12 7 345
123123 123
123123 123
123123 123
123123 123
12 7 345 123123 123 123123 123 123123 123 123123 123
12 7 345 123123 123 123123 123 123123 123 123123 123 12 7 345 123123 123 123123 123 123123 123 123123 123
12 7 345 123123 123 123123 123 123123 123 123123 123 12 7 345 123123 123 123123 123 123123 123 123123 123 12 7 345 123123 123 123123 123 123123 123 123123 123 12 7 345 123123 123 123123 123 123123 123 123123 123
12 7 345 123123 123 123123 123 123123 123 123123 123 12 7 345 123123 123 123123 123 123123 123 123123 123 12 7 345 123123 123 123123 123 123123 123 123123 123 12 7 345 123123 123 123123 123 123123 123 123123 123 12 7 345 123123 123 123123 123 123123 123 123123 123 12 7 345 123123 123 123123 123 123123 123 123123 123 12 7 345 123123 123 123123 123 123123 123 123123 123 12 7 345 123123 123 123123 123 123123 123 123123 123
12 7 345 123123 123 123123 123 123123 123 123123 123 12 7 345 123123 123 123123 123 123123 123 123123 123 12 7 345 123123 123 123123 123 123123 123 123123 123 12 7 345 123123 123 123123 123 123123 123 123123 123 12 7 345 123123 123 123123 123 123123 123 123123 123 12 7 345 123123 123 123123 123 123123 123 123123 123 12 7 345 123123 123 123123 123 123123 123 123123 123 12 7 345 123123 123 123123 123 123123 123 123123 123 12 7 345 123123 123 123123 123 123123 123 123123 123 12 7 345 123123 123 123123 123 123123 123 123123 123 12 7 345 123123 123 123123 123 123123 123 123123 123 12 7 345 123123 123 123123 123 123123 123 123123 123 12 7 345 123123 123 123123 123 123123 123 123123 123 12 7 345 123123 123 123123 123 123123 123 123123 123 12 7 345 123123 123 123123 123 123123 123 123123 123 12 7 345 123123 123 123123 123 123123 123 123123 123
